1999 881 118 0.3059027777777778 0 175 116 62.21137026239067 22.103081827842722 42.75723646511831 24.541816253464393
1885 995 114 0.3454861111111111 0 198 116 58.02368692070031 25.64577397910731 43.31277351234201 26.867492965424038
1604 1276 93 0.44305555555555554 0 206 258 68.709872804361 52.69160997732426 50.98161821841233 59.73346048480371
1426 1454 66 0.5048611111111111 1 170 428 57.39410555174777 102.58266129032258 44.58907181239573 111.62098598022286
1749 1131 55 0.3927083333333333 0 166 367 51.4518851997749 88.11216566005177 37.13120007806431 96.43377614951105
1919 961 50 0.33368055555555554 0 172 272 54.109053497942384 72.08004052684903 37.22239414456175 69.8774921387219
1896 984 56 0.3416666666666667 0 172 272 52.58887733887734 62.5004935834156 38.59855087855842 67.13116663527926
1949 931 62 0.3232638888888889 0 212 131 61.58737373737374 37.49221183800623 47.56988418087154 31.641992216542878
1895 985 60 0.3420138888888889 0 212 202 74.43844155844155 46.59153543307087 52.11886492133288 45.01665797546771
1783 1097 66 0.38090277777777776 0 189 202 67.37059471365639 43.38373121131742 48.28130669169766 43.80548860247314
1807 1073 62 0.37256944444444445 0 211 184 68.14036996735582 41.89230769230769 49.307090960777394 40.24868604263646
1732 1148 58 0.39861111111111114 0 242 242 75.84099943214083 57.74787775891341 57.41212320477922 59.17230544341924
1702 1178 58 0.40902777777777777 0 242 242 71.98209127671866 59.807119205298015 52.57178220973698 61.11801944034422
1842 1038 68 0.36041666666666666 0 194 209 67.50159914712154 44.30848089468779 45.98362897709665 46.45105745712616
1859 1021 54 0.3545138888888889 0 149 180 50.092258748674446 46.64823641563394 33.530267953346076 45.73969119961979
1944 936 52 0.325 0 138 152 50.69441624365482 40.93769470404985 31.495999573378104 36.82658783868437
1526 1354 47 0.4701388888888889 0 122 314 53.799354838709675 73.31059506531204 33.03443559480982 73.00587022002743
1306 1574 58 0.5465277777777777 1 147 314 48.34007490636704 72.45511221945137 36.79211369243327 73.43435567611361
1633 1247 73 0.4329861111111111 0 149 197 51.58622754491018 40.19704049844237 40.798108762330564 42.912367677076105
1823 1057 66 0.36701388888888886 0 149 110 52.088362068965516 32.07057745187901 38.05856640268426 26.874927843549123
1860 1020 70 0.3541666666666667 0 139 110 49.054353562005275 31.647727272727273 35.19180314719585 26.768525066365726
1875 1005 74 0.3489583333333333 0 141 94 49.28556485355649 29.543624161073826 35.08450707669743 24.780585856257694
1929 951 64 0.3302083333333333 0 149 176 53.289138194798575 38.16260162601626 36.50699051235284 38.45050117210456
1970 910 62 0.3159722222222222 0 169 176 50.53973013493253 35.82802547770701 35.794760975183245 37.810935130222006
1926 954 64 0.33125 0 169 145 52.33605720122574 31.818642350557244 37.37492505218686 30.174073443722893
1912 968 66 0.33611111111111114 0 156 145 55.24781491002571 34.05988023952096 38.28734917764057 31.401056582170533
1918 962 66 0.33402777777777776 0 156 95 56.344438749359306 27.656626506024097 39.236698015030804 23.10036957633608
1878 1002 56 0.34791666666666665 0 171 241 55.952780692549844 47.08341416100873 40.18700874289 56.459446373080524
2025 855 74 0.296875 0 151 132 46.53152279340446 32.54311310190369 34.09309622195141 32.45977077996688
1912 968 70 0.33611111111111114 0 146 135 44.85567539804828 36.135458167330675 32.52574694094172 32.84303454337273
1565 1315 73 0.4565972222222222 0 165 210 50.502496878901376 45.48076923076923 37.016061652105996 44.69784736619424
1437 1443 91 0.5010416666666667 1 165 210 39.31827376938638 50.1114842175957 34.99228095962233 51.592253035547905
1580 1300 87 0.4513888888888889 0 89 198 29.61576354679803 52.254464285714285 21.624086820509604 52.18518830932468
1818 1062 89 0.36875 0 137 192 36.242619431025226 40.66576332429991 27.75270690851544 44.25252260025399
1976 904 96 0.3138888888888889 0 137 171 38.54397233201581 32.29171038824764 28.739460058562905 37.04962363156155
1899 981 78 0.340625 0 120 171 42.3250773993808 39.296767874632714 30.57465782901582 39.035545710628014
1935 945 68 0.328125 0 204 113 53.418486541391566 33.094897959183676 40.469961191066716 28.622635799164765
1984 896 84 0.3111111111111111 0 204 102 49.60612043435341 26.193823216187432 39.18451607652364 22.834420988250194
1982 898 94 0.31180555555555556 0 124 139 41.308526367668804 30.364693446088793 30.04377340811645 30.220213275970387
1908 972 92 0.3375 0 123 139 40.4078812691914 31.547595682041216 29.135847408494612 31.184506507765935
1858 1022 98 0.3548611111111111 0 111 116 35.51599370739381 29.46082089552239 24.845534999968798 27.137473995354075
1923 957 90 0.33229166666666665 0 156 116 40.14329268292683 29.785643070787636 31.871068954660284 26.53294032882035
2851 29 8 0.010069444444444445 0 1659 26 591.3495621716287 11.264705882352942 477.55414401749744 8.691810965194264
2878 2 4 0.0006944444444444445 0 1451 1 543.6475694444445 0.8 378.85284049487717 0.4000000000000001
2879 1 2 0.00034722222222222224 0 2707 1 1278.771875 0.6666666666666666 815.501716975225 0.4714045207910317
2878 2 4 0.0006944444444444445 0 1267 1 515.3565972222223 0.8 329.32721231167136 0.4000000000000001
2877 3 6 0.0010416666666666667 0 1462 1 490.11076388888887 0.8571428571428571 401.2894215951109 0.3499271061118826
2876 4 6 0.001388888888888889 0 1069 2 396.6405001736714 1.125 266.18364108396185 0.5994789404140899
2877 3 4 0.0010416666666666667 0 1811 2 678.8690517540813 1.1666666666666667 523.175224241021 0.6871842709362768
2879 1 2 0.00034722222222222224 0 2137 1 889.1833333333333 0.6666666666666666 622.2944113877646 0.4714045207910317
2880 0 0 0.0 0 2880 0 1440.5 0.0 831.3843375158488 0.0
2880 0 0 0.0 0 2880 0 1440.5 0.0 831.3843375158488 0.0
2878 2 4 0.0006944444444444445 0 1498 1 560.4725694444444 0.8 398.0501616530372 0.4000000000000001
2876 4 8 0.001388888888888889 0 1028 1 396.584375 0.8888888888888888 267.77180473051516 0.3142696805273545
2878 2 4 0.0006944444444444445 0 2468 1 1074.9815972222223 0.8 767.0337744321765 0.4000000000000001
2879 1 2 0.00034722222222222224 0 1930 1 804.2083333333334 0.6666666666666666 535.1004497470026 0.4714045207910317
1724 1156 80 0.4013888888888889 0 162 148 60.84637188208617 35.29323308270677 43.85883202618038 32.416386565308606
1706 1174 56 0.4076388888888889 0 162 148 58.628604382929645 40.43059019118869 40.63207934039304 33.619910508669456
1475 1405 43 0.4878472222222222 0 200 394 69.7755511022044 99.1885073580939 47.072171206042704 102.55974139336844
1286 1594 56 0.5534722222222223 1 200 731 63.74885844748859 198.02957486136785 50.43469429973594 215.16006533646646
1714 1166 69 0.4048611111111111 0 193 337 57.280731846769584 66.4954204829309 45.98377147213095 84.78269339765484
2039 841 64 0.2920138888888889 0 238 118 71.89908256880734 29.019450800915333 56.48404272617926 26.484196516877844
2041 839 80 0.29131944444444446 0 238 118 66.06439211917348 23.4875 53.964265373195204 23.80440807392614
1965 915 98 0.3177083333333333 0 152 103 55.02780536246276 20.651813471502592 39.87793218214785 19.965229083558985
1936 944 98 0.3277777777777778 0 181 103 60.16120906801007 21.670020120724345 45.267001972251116 20.5105794608175
1922 958 96 0.3326388888888889 0 181 77 56.6010152284264 19.431976166832175 45.97428324380375 16.790344862545428
1917 963 97 0.334375 0 173 77 57.25940996948118 18.06422924901186 43.70447610247075 15.507578954767698
1921 959 90 0.3329861111111111 0 162 128 54.12207527975585 24.52636815920398 39.96557968399242 24.68960647528145
1950 930 93 0.3229166666666667 0 204 128 56.77766649974962 23.335721596724667 44.89008042924808 24.682588547322002
2004 876 98 0.30416666666666664 0 204 152 54.51777886020458 23.393088552915767 44.55358809254226 31.185484865090295
1845 1035 124 0.359375 0 156 89 43.90980597797588 20.638433515482696 35.90059753428085 20.050197890125514
1812 1068 136 0.37083333333333335 0 156 99 41.57340425531915 21.670184696569923 35.493555529922986 22.76323238669327
1502 1378 109 0.47847222222222224 0 160 203 48.12395632626846 37.387299371946966 38.912175510668185 41.0897613995166
